wave,n
0.13405,1.40026909
0.13478,1.4158217
0.13552,1.4309217
0.13626,1.44550754
0.13702,1.45952684
0.13778,1.47293499
0.13855,1.48569651
0.13933,1.49778529
0.14011,1.50918396
0.14091,1.51988482
0.14171,1.52988855
0.14253,1.53920547
0.14335,1.54785396
0.14419,1.55586078
0.14503,1.56326009
0.14588,1.5700932
0.14675,1.57640743
0.14762,1.5822555
0.1485,1.58769453
0.1494,1.5927851
0.1503,1.59759009
0.15122,1.60217396
0.15215,1.60660144
0.15309,1.61093649
0.15404,1.61524146
0.155,1.61957628
0.15597,1.62399743
0.15696,1.62855737
0.15796,1.6333039
0.15897,1.63827975
0.16,1.64352229
0.16104,1.64906316
0.16209,1.65492838
0.16316,1.66113844
0.16424,1.66770831
0.16533,1.67464784
0.16644,1.68196214
0.16757,1.68965198
0.16871,1.69771446
0.16986,1.70614339
0.17103,1.71493024
0.17222,1.72406455
0.17343,1.73353519
0.17465,1.74333054
0.17589,1.75343987
0.17714,1.76385402
0.17842,1.77456604
0.17971,1.78557243
0.18102,1.79687317
0.18235,1.80847267
0.1837,1.82037989
0.18507,1.83260842
0.18647,1.84517587
0.18788,1.85810328
0.18931,1.87141395
0.19077,1.88513174
0.19225,1.89927946
0.19375,1.91387638
0.19528,1.92893601
0.19683,1.94446431
0.1984,1.96045675
0.2,1.97689786
0.20163,1.99375935
0.20328,2.01100036
0.20496,2.02856762
0.20667,2.04639768
0.2084,2.06441766
0.21017,2.08254968
0.21197,2.10071427
0.21379,2.11883264
0.21565,2.13683212
0.21754,2.15464946
0.21947,2.17223387
0.22143,2.18954931
0.22342,2.20657672
0.22545,2.22331467
0.22752,2.23977872
0.22963,2.25600092
0.23178,2.27202648
0.23396,2.28791187
0.23619,2.3037211
0.23846,2.31952105
0.24078,2.33537819
0.24314,2.35135446
0.24554,2.36750386
0.248,2.38386909
0.25051,2.40047946
0.25306,2.41734907
0.25567,2.43447582
0.25833,2.4518417
0.26105,2.46941254
0.26383,2.48713914
0.26667,2.50495924
0.26957,2.52279833
0.27253,2.54057257
0.27556,2.55819003
0.27865,2.57555276
0.28182,2.5925595
0.28506,2.60910659
0.28837,2.62509045
0.29176,2.64040854
0.29524,2.65496117
0.2988,2.66865233
0.30244,2.68139046
0.30617,2.69308992
0.31,2.70367045
0.31392,2.7130585
0.31795,2.72118676
0.32208,2.72799456
0.32632,2.73342747
0.33067,2.73743747
0.33514,2.73998255
0.33973,2.74102653
0.34444,2.74053893
0.3493,2.73849486
0.35429,2.73487513
0.35942,2.72966645
0.36471,2.72286198
0.37015,2.71446209
0.37576,2.70447536
0.38154,2.69292011
0.3875,2.679826
0.39365,2.66523618
0.4,2.64920965
0.40656,2.63182361
0.41333,2.61317638
0.42034,2.5933905
0.42759,2.57261477
0.43509,2.55102851
0.44286,2.52884294
0.45091,2.50630615
0.45926,2.48370728
0.46792,2.46138626
0.47692,2.43975503
0.48627,2.41937301
0.496,2.40136015
0.50612,2.38557397
0.51667,2.37120631
0.52766,2.35795719
0.53913,2.3456475
0.55111,2.33415264
0.56364,2.32337903
0.57674,2.31325264
0.59048,2.30371294
0.60488,2.29470919
0.62,2.28619807
0.6359,2.27814214
0.65263,2.27050856
0.67027,2.26326845
0.68889,2.25639609
0.70857,2.24986856
0.72941,2.24366535
0.75152,2.23776797
0.775,2.23215972
0.8,2.22682554
0.82667,2.22175172
0.85517,2.21692582
0.88571,2.21233649
0.91852,2.20797329
0.95385,2.20382673
0.992,2.19988802
1.0333,2.19614903
1.0783,2.19260224
1.1273,2.18924058
1.181,2.18605744
1.24,2.18304647
1.2988,2.18046261
1.2995,2.18043604
1.3001,2.18040947
1.3008,2.18038292
1.3014,2.18035639
1.3021,2.18032987
1.3027,2.18030337
1.3034,2.18027689
1.3041,2.18025041
1.3047,2.18022395
1.3053,2.18020159
1.3054,2.1801975
1.306,2.18017107
1.3067,2.18014466
1.3073,2.18011826
1.308,2.18009187
1.3087,2.1800655
1.3093,2.18003914
1.31,2.1800128
1.3106,2.17998647
1.3113,2.17996017
1.312,2.17993386
1.3126,2.17990758
1.3133,2.17988131
1.314,2.17985506
1.3146,2.17982881
1.3153,2.17980259
1.316,2.17977638
1.3166,2.17975019
1.3173,2.179724
1.318,2.17969784
1.3186,2.17967168
1.3193,2.17964554
1.32,2.17961942
1.3207,2.17959331
1.3213,2.17956722
1.322,2.17954114
1.3227,2.17951507
1.3234,2.17948902
1.324,2.17946298
1.3247,2.17943697
1.3254,2.17941095
1.3261,2.17938496
1.3267,2.17935898
1.3274,2.17933302
1.3281,2.17930706
1.3288,2.17928114
1.3295,2.17925521
1.3301,2.17922931
1.3308,2.17920341
1.3315,2.17917754
1.3322,2.17915167
1.3329,2.17912582
1.3336,2.17909999
1.3343,2.17907418
1.3349,2.17904837
1.3356,2.17902258
1.3363,2.1789968
1.337,2.17897104
1.3377,2.17894529
1.3384,2.17891956
1.3391,2.17889384
1.3398,2.17886813
1.3405,2.17884244
1.3412,2.17881677
1.3419,2.1787911
1.3425,2.17876546
1.3432,2.17873983
1.3439,2.17871421
1.3446,2.17868861
1.3453,2.17866302
1.346,2.17863744
1.3467,2.17861188
1.3474,2.17858634
1.3481,2.1785608
1.3488,2.17853529
1.3495,2.17850978
1.3502,2.17848429
1.3509,2.17845882
1.3516,2.17843336
1.3523,2.17840792
1.3531,2.17838248
1.3538,2.17835706
1.3545,2.17833166
1.3552,2.17830627
1.3559,2.17828089
1.3566,2.17825554
1.3573,2.17823019
1.358,2.17820486
1.3587,2.17817953
1.3594,2.17815423
1.3602,2.17812894
1.3609,2.17810367
1.3616,2.17807841
1.3623,2.17805316
1.363,2.17802793
1.3637,2.17800271
1.3644,2.1779775
1.3652,2.17795231
1.3659,2.17792714
1.3666,2.17790198
1.3673,2.17787683
1.368,2.1778517
1.3688,2.17782657
1.3695,2.17780147
1.3702,2.17777639
1.3709,2.17775131
1.3717,2.17772624
1.3724,2.1777012
1.3731,2.17767616
1.3738,2.17765114
1.3746,2.17762613
1.3753,2.17760114
1.376,2.17757617
1.3768,2.17755121
1.3775,2.17752625
1.3778,2.17751678
1.3782,2.17750132
1.379,2.17747639
1.3797,2.17745149
1.3804,2.1774266
1.3812,2.17740172
1.3819,2.17737685
1.3826,2.177352
1.3834,2.17732716
1.3841,2.17730234
1.3849,2.17727753
1.3856,2.17725274
1.3863,2.17722796
1.3871,2.17720319
1.3878,2.17717844
1.3886,2.1771537
1.3893,2.17712898
1.3901,2.17710426
1.3908,2.17707957
1.3915,2.17705489
1.3923,2.17703021
1.393,2.17700556
1.3938,2.17698092
1.3945,2.1769563
1.3953,2.17693169
1.396,2.17690709
1.3968,2.1768825
1.3975,2.17685793
1.3983,2.17683337
1.3991,2.17680883
1.3998,2.1767843
1.4006,2.17675979
1.4013,2.17673528
1.4021,2.1767108
1.4028,2.17668632
1.4036,2.17666187
1.4044,2.17663742
1.4051,2.17661299
1.4059,2.17658857
1.4066,2.17656417
1.4074,2.17653978
1.4082,2.1765154
1.4089,2.17649104
1.4097,2.17646669
1.4105,2.17644236
1.4112,2.17641804
1.412,2.17639373
1.4128,2.17636944
1.4136,2.17634516
1.4143,2.17632089
1.4151,2.17629664
1.4159,2.17627241
1.4166,2.17624818
1.4174,2.17622398
1.4182,2.17619978
1.419,2.1761756
1.4197,2.17615143
1.4205,2.17612727
1.4213,2.17610313
1.4221,2.17607901
1.4229,2.17605489
1.4236,2.17603079
1.4244,2.17600671
1.4252,2.17598263
1.426,2.17595858
1.4268,2.17593454
1.4276,2.1759105
1.4283,2.17588649
1.4291,2.17586248
1.4299,2.17583849
1.4307,2.17581452
1.4315,2.17579056
1.4323,2.17576661
1.4331,2.17574267
1.4339,2.17571875
1.4347,2.17569485
1.4355,2.17567096
1.4363,2.17564707
1.4371,2.17562321
1.4379,2.17559936
1.4387,2.17557552
1.4395,2.17555169
1.4403,2.17552788
1.4411,2.17550408
1.4419,2.1754803
1.4427,2.17545653
1.4435,2.17543277
1.4443,2.17540903
1.4451,2.1753853
1.4459,2.17536158
1.4467,2.17533788
1.4475,2.17531419
1.4483,2.17529051
1.4491,2.17526686
1.4499,2.17524321
1.4507,2.17521957
1.4515,2.17519595
1.4524,2.17517234
1.4532,2.17514875
1.454,2.17512517
1.4548,2.1751016
1.4556,2.17507805
1.4564,2.17505452
1.4573,2.17503099
1.4581,2.17500748
1.4588,2.17498599
1.4589,2.17498398
1.4597,2.17496049
1.4605,2.17493702
1.4614,2.17491356
1.4622,2.17489012
1.463,2.17486669
1.4638,2.17484327
1.4647,2.17481986
1.4655,2.17479647
1.4663,2.17477309
1.4672,2.17474973
1.468,2.17472638
1.4688,2.17470304
1.4696,2.17467972
1.4705,2.17465641
1.4713,2.17463311
1.4721,2.17460983
1.473,2.17458656
1.4738,2.1745633
1.4747,2.17454006
1.4755,2.17451683
1.4763,2.17449362
1.4772,2.17447041
1.478,2.17444723
1.4789,2.17442405
1.4797,2.17440089
1.4806,2.17437774
1.4814,2.1743546
1.4822,2.17433148
1.4831,2.17430837
1.4839,2.17428527
1.4848,2.17426219
1.4856,2.17423912
1.4865,2.17421607
1.4874,2.17419303
1.4882,2.17416999
1.4891,2.17414698
1.4899,2.17412398
1.4908,2.17410099
1.4916,2.17407802
1.4925,2.17405505
1.4933,2.1740321
1.4942,2.17400917
1.4951,2.17398625
1.4959,2.17396333
1.4968,2.17394044
1.4977,2.17391756
1.4985,2.17389469
1.4994,2.17387183
1.5003,2.17384899
1.5011,2.17382616
1.502,2.17380334
1.5029,2.17378054
1.5037,2.17375775
1.5046,2.17373497
1.5055,2.17371221
1.5064,2.17368946
1.5072,2.17366672
1.5081,2.173644
1.509,2.17362129
1.5099,2.17359859
1.5108,2.1735759
1.5116,2.17355323
1.5125,2.17353058
1.5134,2.17350793
1.5143,2.1734853
1.5152,2.17346268
1.5161,2.17344007
1.5169,2.17341748
1.5178,2.17339491
1.5187,2.17337233
1.5196,2.17334978
1.5205,2.17332724
1.5214,2.17330472
1.5223,2.17328221
1.5232,2.17325971
1.5241,2.17323722
1.525,2.17321474
1.5259,2.17319228
1.5268,2.17316983
1.5277,2.1731474
1.5286,2.17312497
1.5295,2.17310256
1.5304,2.17308017
1.5313,2.17305778
1.5322,2.17303541
1.5331,2.17301306
1.534,2.17299071
1.5349,2.17296838
1.5358,2.17294607
1.5367,2.17292376
1.5376,2.17290147
1.5385,2.17287919
1.5395,2.17285692
1.5404,2.17283467
1.5413,2.17281243
1.5422,2.1727902
1.5431,2.17276799
1.544,2.17274579
1.545,2.1727236
1.5459,2.17270142
1.5468,2.17267926
1.5477,2.17265711
1.5487,2.17263498
1.5496,2.17261285
1.55,2.17260292
1.5505,2.17259074
1.5514,2.17256864
1.5524,2.17254656
1.5533,2.17252448
1.5542,2.17250243
1.5552,2.17248038
1.5561,2.17245835
1.557,2.17243632
1.558,2.17241432
1.5589,2.17239232
1.5598,2.17237034
1.5608,2.17234837
1.5617,2.17232642
1.5627,2.17230447
1.5636,2.17228254
1.5645,2.17226062
1.5655,2.17223872
1.5664,2.17221683
1.5674,2.17219495
1.5683,2.17217308
1.5693,2.17215123
1.5702,2.17212939
1.5712,2.17210755
1.5721,2.17208574
1.5731,2.17206394
1.574,2.17204214
1.575,2.17202037
1.576,2.1719986
1.5769,2.17197685
1.5779,2.17195511
1.5788,2.17193339
1.5798,2.17191167
1.5808,2.17188997
1.5817,2.17186828
1.5827,2.17184661
1.5837,2.17182494
1.5846,2.1718033
1.5856,2.17178166
1.5866,2.17176003
1.5875,2.17173842
1.5885,2.17171682
1.5895,2.17169523
1.5905,2.17167366
1.5914,2.1716521
1.5924,2.17163055
1.5934,2.17160901
1.5944,2.17158749
1.5954,2.17156597
1.5963,2.17154447
1.5973,2.17152299
1.5983,2.17150152
1.5993,2.17148005
1.6003,2.17145861
1.6013,2.17143717
1.6023,2.17141575
1.6032,2.17139434
1.6042,2.17137294
1.6052,2.17135155
1.6062,2.17133018
1.6072,2.17130882
1.6082,2.17128747
1.6092,2.17126614
1.6102,2.17124481
1.6112,2.1712235
1.6122,2.1712022
1.6132,2.17118091
1.6142,2.17115964
1.6152,2.17113838
1.6162,2.17111714
1.6173,2.1710959
1.6183,2.17107468
1.6193,2.17105346
1.6203,2.17103226
1.6213,2.17101107
1.6223,2.1709899
1.6233,2.17096874
1.6243,2.1709476
1.6254,2.17092646
1.6264,2.17090533
1.6274,2.17088422
1.6284,2.17086312
1.6294,2.17084204
1.6305,2.17082096
1.6315,2.1707999
1.6325,2.17077885
1.6336,2.17075781
1.6346,2.17073679
1.6356,2.17071577
1.6367,2.17069478
1.6377,2.17067378
1.6387,2.17065281
1.6398,2.17063184
1.6408,2.17061089
1.6418,2.17058995
1.6429,2.17056903
1.6439,2.17054811
1.645,2.17052721
1.646,2.17050632
1.647,2.17048544
1.6481,2.17046457
1.6491,2.17044372
1.6502,2.17042289
1.6512,2.17040206
1.6523,2.17038124
1.6533,2.17036078
1.6534,2.17036044
1.6544,2.17033964
1.6555,2.17031886
1.6565,2.17029809
1.6576,2.17027734
1.6586,2.17025659
1.6597,2.17023586
1.6608,2.17021514
1.6618,2.17019444
1.6629,2.17017374
1.664,2.17015306
1.665,2.17013239
1.6661,2.17011173
1.6672,2.17009108
1.6682,2.17007045
1.6693,2.17004982
1.6704,2.17002922
1.6715,2.17000862
1.6726,2.16998804
1.6736,2.16996746
1.6747,2.1699469
1.6758,2.16992635
1.6769,2.16990581
1.678,2.16988529
1.6791,2.16986477
1.6801,2.16984427
1.6812,2.16982378
1.6823,2.1698033
1.6834,2.16978284
1.6845,2.16976238
1.6856,2.16974194
1.6867,2.16972151
1.6878,2.16970109
1.6889,2.16968069
1.69,2.16966029
1.6911,2.16963991
1.6922,2.16961954
1.6933,2.16959918
1.6944,2.16957884
1.6955,2.1695585
1.6966,2.16953819
1.6977,2.16951787
1.6989,2.16949757
1.7,2.16947729
1.7011,2.16945701
1.7022,2.16943675
1.7033,2.1694165
1.7044,2.16939626
1.7056,2.16937603
1.7067,2.16935582
1.7078,2.16933561
1.7089,2.16931542
1.7101,2.16929524
1.7112,2.16927507
1.7123,2.16925492
1.7135,2.16923477
1.7146,2.16921464
1.7157,2.16919452
1.7169,2.16917441
1.718,2.16915431
1.7191,2.16913423
1.7203,2.16911415
1.7214,2.16909409
1.7226,2.16907404
1.7237,2.16905401
1.7249,2.16903397
1.726,2.16901396
1.7272,2.16899395
1.7283,2.16897396
1.7295,2.16895399
1.7306,2.16893401
1.7318,2.16891406
1.7329,2.16889411
1.7341,2.16887418
1.7352,2.16885426
1.7364,2.16883434
1.7376,2.16881445
1.7387,2.16879456
1.7399,2.16877469
1.7411,2.16875482
1.7422,2.16873497
1.7434,2.16871512
1.7446,2.16869529
1.7458,2.16867548
1.7469,2.16865567
1.7481,2.16863588
1.7493,2.16861609
1.7505,2.16859632
1.7517,2.16857656
1.7528,2.16855681
1.754,2.16853707
1.7552,2.16851735
1.7564,2.16849764
1.7576,2.16847793
1.7588,2.16845824
1.76,2.16843856
1.7612,2.16841889
1.7624,2.16839924
1.7636,2.16837959
1.7648,2.16835996
1.766,2.16834034
1.7672,2.16832072
1.7684,2.16830112
1.7696,2.16828154
1.7708,2.16826196
1.7714,2.16825183
1.772,2.16824239
1.7732,2.16822284
1.7744,2.16820329
1.7757,2.16818376
1.7769,2.16816425
1.7781,2.16814473
1.7793,2.16812524
1.7805,2.16810575
1.7818,2.16808627
1.783,2.16806681
1.7842,2.16804736
1.7854,2.16802792
1.7867,2.16800849
1.7879,2.16798907
1.7891,2.16796966
1.7904,2.16795026
1.7916,2.16793088
1.7928,2.1679115
1.7941,2.16789214
1.7953,2.16787279
1.7966,2.16785345
1.7978,2.16783412
1.7991,2.1678148
1.8003,2.1677955
1.8016,2.1677762
1.8028,2.16775691
1.8041,2.16773764
1.8053,2.16771838
1.8066,2.16769913
1.8078,2.16767989
1.8091,2.16766066
1.8104,2.16764144
1.8116,2.16762224
1.8129,2.16760304
1.8142,2.16758385
1.8154,2.16756468
1.8167,2.16754552
1.818,2.16752637
1.8193,2.16750723
1.8205,2.1674881
1.8218,2.16746898
1.8231,2.16744987
1.8244,2.16743077
1.8257,2.16741169
1.827,2.16739261
1.8282,2.16737355
1.8295,2.16735449
1.8308,2.16733546
1.8321,2.16731642
1.8334,2.1672974
1.8347,2.1672784
1.836,2.16725939
1.8373,2.16724041
1.8386,2.16722143
1.8399,2.16720246
1.8412,2.16718351
1.8425,2.16716457
1.8439,2.16714563
1.8452,2.16712671
1.8465,2.1671078
1.8478,2.1670889
1.8491,2.16707001
1.8504,2.16705113
1.8518,2.16703226
1.8531,2.1670134
1.8544,2.16699455
1.8557,2.16697572
1.8571,2.16695689
1.8584,2.16693807
1.8597,2.16691927
1.8611,2.16690048
1.8624,2.16688169
1.8637,2.16686292
1.8651,2.16684416
1.8664,2.16682541
1.8678,2.16680667
1.8691,2.16678794
1.8705,2.16676922
1.8718,2.16675051
1.8732,2.16673182
1.8745,2.16671313
1.8759,2.16669445
1.8772,2.16667579
1.8786,2.16665713
1.88,2.16663848
1.8813,2.16661985
1.8827,2.16660122
1.8841,2.16658261
1.8854,2.166564
1.8868,2.16654541
1.8882,2.16652683
1.8895,2.16650826
1.8909,2.1664897
1.8923,2.16647115
1.8937,2.16645261
1.8951,2.16643408
1.8965,2.16641556
1.8978,2.16639705
1.8992,2.16637855
1.9006,2.16636006
1.902,2.16634158
1.9034,2.16632312
1.9048,2.16630466
1.9062,2.16628621
1.9076,2.16626778
1.9077,2.16626681
1.909,2.16624935
1.9104,2.16623093
1.9118,2.16621253
1.9133,2.16619413
1.9147,2.16617574
1.9161,2.16615737
1.9175,2.166139
1.9189,2.16612065
1.9203,2.16610231
1.9218,2.16608397
1.9232,2.16606565
1.9246,2.16604734
1.926,2.16602903
1.9275,2.16601074
1.9289,2.16599246
1.9303,2.16597418
1.9318,2.16595592
1.9332,2.16593767
1.9347,2.16591942
1.9361,2.16590119
1.9376,2.16588296
1.939,2.16586475
1.9405,2.16584655
1.9419,2.16582836
1.9434,2.16581017
1.9448,2.165792
1.9463,2.16577383
1.9477,2.16575568
1.9492,2.16573754
1.9507,2.16571941
1.9521,2.16570128
1.9536,2.16568317
1.9551,2.16566507
1.9566,2.16564697
1.958,2.16562889
1.9595,2.16561081
1.961,2.16559275
1.9625,2.1655747
1.964,2.16555665
1.9655,2.16553862
1.967,2.16552059
1.9685,2.16550258
1.97,2.16548458
1.9714,2.16546658
1.9729,2.1654486
1.9745,2.16543062
1.976,2.16541265
1.9775,2.1653947
1.979,2.16537675
1.9805,2.16535882
1.982,2.16534089
1.9835,2.16532297
1.985,2.16530506
1.9866,2.16528716
1.9881,2.16526928
1.9896,2.16525139
1.9911,2.16523353
1.9927,2.16521567
1.9942,2.16519781
1.9957,2.16517998
1.9973,2.16516214
1.9988,2.16514432
2.0004,2.16512651
2.0019,2.16510871
2.0034,2.16509091
2.005,2.16507313
2.0065,2.16505535
2.0081,2.16503759
2.0097,2.16501984
2.0112,2.16500209
2.0128,2.16498435
2.0143,2.16496663
2.0159,2.16494891
2.0175,2.1649312
2.019,2.1649135
2.0206,2.16489581
2.0222,2.16487813
2.0238,2.16486046
2.0254,2.16484279
2.0269,2.16482514
2.0285,2.1648075
2.0301,2.16478986
2.0317,2.16477224
2.0333,2.16475463
2.0349,2.16473702
2.0365,2.16471942
2.0381,2.16470183
2.0397,2.16468425
2.0413,2.16466668
2.0429,2.16464912
2.0445,2.16463157
2.0461,2.16461403
2.0478,2.16459649
2.0494,2.16457897
2.051,2.16456145
2.0526,2.16454395
2.0542,2.16452645
2.0559,2.16450896
2.0575,2.16449148
2.0591,2.16447401
2.0608,2.16445654
2.0624,2.1644391
2.0641,2.16442165
2.0657,2.16440422
2.0667,2.16439399
2.0673,2.16438679
2.069,2.16436937
2.0707,2.16435196
2.0723,2.16433456
2.074,2.16431718
2.0756,2.16429979
2.0773,2.16428242
2.079,2.16426506
2.0806,2.1642477
2.0823,2.16423035
2.084,2.16421301
2.0856,2.16419569
2.0873,2.16417836
2.089,2.16416105
2.0907,2.16414375
2.0924,2.16412645
2.0941,2.16410916
2.0958,2.16409189
2.0975,2.16407462
2.0992,2.16405736
2.1009,2.1640401
2.1026,2.16402286
2.1043,2.16400562
2.106,2.1639884
2.1077,2.16397118
2.1094,2.16395397
2.1111,2.16393677
2.1128,2.16391958
2.1146,2.16390239
2.1163,2.16388522
2.118,2.16386805
2.1197,2.16385089
2.1215,2.16383374
2.1232,2.1638166
2.125,2.16379946
2.1267,2.16378234
2.1285,2.16376522
2.1302,2.16374811
2.132,2.16373101
2.1337,2.16371392
2.1355,2.16369683
2.1372,2.16367976
2.139,2.16366268
2.1408,2.16364562
2.1425,2.16362857
2.1443,2.16361153
2.1461,2.16359449
2.1478,2.16357746
2.1496,2.16356044
2.1514,2.16354343
2.1532,2.16352643
2.155,2.16350943
2.1568,2.16349244
2.1586,2.16347546
2.1604,2.16345849
2.1622,2.16344153
2.164,2.16342457
2.1658,2.16340762
2.1676,2.16339068
2.1694,2.16337375
2.1712,2.16335682
2.1731,2.16333991
2.1749,2.16332299
2.1767,2.16330609
2.1785,2.1632892
2.1804,2.16327232
2.1822,2.16325543
2.184,2.16323856
2.1859,2.1632217
2.1877,2.16320484
2.1896,2.163188
2.1914,2.16317116
2.1933,2.16315432
2.1951,2.1631375
2.197,2.16312068
2.1989,2.16310387
2.2007,2.16308707
2.2026,2.16307027
2.2045,2.16305348
2.2063,2.1630367
2.2082,2.16301992
2.2101,2.16300316
2.212,2.1629864
2.2139,2.16296965
2.2158,2.16295291
2.2177,2.16293617
2.2196,2.16291944
2.2215,2.16290272
2.2234,2.162886
2.2253,2.16286929
2.2272,2.1628526
2.2291,2.1628359
2.231,2.16281921
2.2329,2.16280254
2.2349,2.16278586
2.2368,2.1627692
2.2387,2.16275254
2.2407,2.16273589
2.2426,2.16271924
2.2445,2.16270261
2.2465,2.16268598
2.2484,2.16266935
2.2504,2.16265274
2.2523,2.16263613
2.2543,2.16261953
2.2545,2.16261751
2.2563,2.16260293
2.2582,2.16258634
2.2602,2.16256976
2.2622,2.16255318
2.2642,2.16253661
2.2661,2.16252005
2.2681,2.1625035
2.2701,2.16248695
2.2721,2.16247041
2.2741,2.16245387
2.2761,2.16243734
2.2781,2.16242082
2.2801,2.1624043
2.2821,2.16238779
2.2841,2.16237129
2.2861,2.16235479
2.2881,2.1623383
2.2902,2.16232182
2.2922,2.16230534
2.2942,2.16228887
2.2962,2.16227241
2.2983,2.16225595
2.3003,2.1622395
2.3024,2.16222305
2.3044,2.16220661
2.3065,2.16219018
2.3085,2.16217375
2.3106,2.16215733
2.3126,2.16214092
2.3147,2.16212451
2.3168,2.1621081
2.3188,2.16209171
2.3209,2.16207532
2.323,2.16205893
2.3251,2.16204256
2.3272,2.16202618
2.3292,2.16200981
2.3313,2.16199346
2.3334,2.1619771
2.3355,2.16196075
2.3377,2.16194441
2.3398,2.16192807
2.3419,2.16191174
2.344,2.16189541
2.3461,2.16187909
2.3482,2.16186278
2.3504,2.16184647
2.3525,2.16183016
2.3546,2.16181387
2.3568,2.16179757
2.3589,2.16178129
2.3611,2.16176501
2.3632,2.16174873
2.3654,2.16173246
2.3675,2.16171619
2.3697,2.16169993
2.3719,2.16168368
2.374,2.16166743
2.3762,2.16165118
2.3784,2.16163495
2.3806,2.16161871
2.3828,2.16160248
2.385,2.16158626
2.3872,2.16157004
2.3894,2.16155383
2.3916,2.16153762
2.3938,2.16152142
2.396,2.16150522
2.3982,2.16148903
2.4004,2.16147284
2.4026,2.16145666
2.4049,2.16144048
2.4071,2.16142431
2.4093,2.16140814
2.4116,2.16139197
2.4138,2.16137581
2.4161,2.16135966
2.4183,2.16134351
2.4206,2.16132736
2.4229,2.16131123
2.4251,2.16129509
2.4274,2.16127896
2.4297,2.16126283
2.4319,2.16124671
2.4342,2.16123059
2.4365,2.16121448
2.4388,2.16119837
2.4411,2.16118226
2.4434,2.16116616
2.4457,2.16115007
2.448,2.16113398
2.4503,2.16111789
2.4527,2.16110181
2.455,2.16108572
2.4573,2.16106965
2.4596,2.16105358
2.462,2.16103751
2.4643,2.16102145
2.4667,2.16100539
2.469,2.16098933
2.4714,2.16097328
2.4737,2.16095723
2.4761,2.16094119
2.4784,2.16092515
2.48,2.16091464
2.4808,2.16090911
2.4832,2.16089308
2.4856,2.16087705
2.488,2.16086103
2.4903,2.16084501
2.4927,2.16082899
2.4951,2.16081297
2.4975,2.16079696
2.5,2.16078096
2.5024,2.16076495
2.5048,2.16074895
2.5072,2.16073295
2.5096,2.16071696
2.5121,2.16070097
2.5145,2.16068498
2.5169,2.16066899
2.5194,2.16065301
2.5218,2.16063703
2.5243,2.16062106
2.5268,2.16060509
2.5292,2.16058912
2.5317,2.16057315
2.5342,2.16055719
2.5366,2.16054122
2.5391,2.16052527
2.5416,2.16050931
2.5441,2.16049336
2.5466,2.16047741
2.5491,2.16046146
2.5516,2.16044552
2.5541,2.16042958
2.5567,2.16041364
2.5592,2.1603977
2.5617,2.16038176
2.5642,2.16036583
2.5668,2.1603499
2.5693,2.16033397
2.5719,2.16031805
2.5744,2.16030212
2.577,2.1602862
2.5796,2.16027028
2.5821,2.16025437
2.5847,2.16023845
2.5873,2.16022254
2.5899,2.16020663
2.5925,2.16019072
2.595,2.16017481
2.5976,2.16015891
2.6003,2.160143
2.6029,2.1601271
2.6055,2.1601112
2.6081,2.1600953
2.6107,2.1600794
2.6134,2.16006351
2.616,2.16004762
2.6186,2.16003172
2.6213,2.16001583
2.6239,2.15999994
2.6266,2.15998405
2.6293,2.15996816
2.6319,2.15995228
2.6346,2.15993639
2.6373,2.15992051
2.64,2.15990462
2.6427,2.15988874
2.6454,2.15987286
2.6481,2.15985698
2.6508,2.1598411
2.6535,2.15982522
2.6562,2.15980934
2.6589,2.15979346
2.6617,2.15977759
2.6644,2.15976171
2.6671,2.15974583
2.6699,2.15972996
2.6726,2.15971408
2.6754,2.15969821
2.6782,2.15968233
2.6809,2.15966646
2.6837,2.15965058
2.6865,2.15963471
2.6893,2.15961884
2.6921,2.15960296
2.6949,2.15958709
2.6977,2.15957122
2.7005,2.15955534
2.7033,2.15953946
2.7061,2.15952359
2.7089,2.15950772
2.7118,2.15949184
2.7146,2.15947597
2.7175,2.15946009
2.7203,2.15944421
2.7232,2.15942834
2.726,2.15941246
2.7289,2.15939658
2.7318,2.1593807
2.7347,2.15936482
2.7375,2.15934894
2.7404,2.15933306
2.7433,2.15931718
2.7462,2.15930129
2.7492,2.15928541
2.7521,2.15926952
2.755,2.15925363
2.7579,2.15923774
2.7609,2.15922185
2.7638,2.15920596
2.7668,2.15919007
2.7697,2.15917417
2.7727,2.15915827
2.7756,2.15914238
2.7786,2.15912647
2.7816,2.15911057
2.7846,2.15909467
2.7876,2.15907876
2.7906,2.15906286
2.7936,2.15904695
2.7966,2.15903103
2.7996,2.15901512
2.8027,2.15899921
2.8057,2.15898328
2.8087,2.15896737
2.8118,2.15895144
2.8148,2.15893551
2.8179,2.15891959
2.821,2.15890365
2.824,2.15888772
2.8271,2.15887178
2.8302,2.15885584
2.8333,2.1588399
2.8364,2.15882395
2.8395,2.158808
2.8426,2.15879205
2.8457,2.1587761
2.8489,2.15876013
2.852,2.15874417
2.8551,2.15872821
2.8583,2.15871224
2.8614,2.15869626
2.8646,2.15868029
2.8678,2.15866431
2.8709,2.15864832
2.8741,2.15863234
2.8773,2.15861634
2.8805,2.15860035
2.8837,2.15858434
2.8869,2.15856834
2.8901,2.15855233
2.8934,2.15853631
2.8966,2.1585203
2.8998,2.15850428
2.9031,2.15848825
2.9063,2.15847221
2.9096,2.15845618
2.9129,2.15844013
2.9161,2.15842409
2.9194,2.15840804
2.9227,2.15839198
2.926,2.15837592
2.9293,2.15835985
2.9326,2.15834378
2.936,2.1583277
2.9393,2.15831162
2.9426,2.15829553
2.946,2.15827943
2.9493,2.15826333
2.9527,2.15824722
2.956,2.15823111
2.9594,2.15821499
2.9628,2.15819887
2.9662,2.15818274
2.9696,2.1581666
2.973,2.15815045
2.9764,2.1581343
2.9798,2.15811815
2.9833,2.15810198
2.9867,2.15808581
2.9901,2.15806963
2.9936,2.15805345
2.9971,2.15803726
3.0005,2.15802106
3.004,2.15800485
3.0075,2.15798864
3.011,2.15797242
3.0145,2.15795619
3.018,2.15793995
3.0215,2.15792371
3.025,2.15790746
3.0286,2.1578912
3.0321,2.15787493
3.0357,2.15785866
3.0392,2.15784237
3.0428,2.15782608
3.0464,2.15780978
3.0499,2.15779347
3.0535,2.15777715
3.0571,2.15776083
3.0607,2.15774449
3.0644,2.15772815
3.068,2.1577118
3.0716,2.15769543
3.0753,2.15767906
3.0789,2.15766268
3.0826,2.15764629
3.0863,2.15762989
3.0899,2.15761348
3.0936,2.15759706
3.0973,2.15758063
3.101,2.15756419
3.1047,2.15754774
3.1085,2.15753128
3.1122,2.15751481
3.1159,2.15749833
3.1197,2.15748184
3.1234,2.15746533
3.1272,2.15744882
3.131,2.1574323
3.1348,2.15741576
3.1386,2.15739921
3.1424,2.15738266
3.1462,2.15736609
3.15,2.15734951
3.1538,2.15733292
3.1577,2.15731631
3.1615,2.15729969
3.1654,2.15728306
3.1693,2.15726642
3.1731,2.15724977
3.177,2.15723311
3.1809,2.15721643
3.1848,2.15719974
3.1888,2.15718303
3.1927,2.15716632
3.1966,2.15714959
3.2006,2.15713285
3.2045,2.15711609
3.2085,2.15709933
3.2125,2.15708254
3.2164,2.15706575
3.2204,2.15704894
3.2244,2.15703211
3.2285,2.15701528
3.2325,2.15699843
3.2365,2.15698156
3.2406,2.15696468
3.2446,2.15694778
3.2487,2.15693087
3.2528,2.15691394
3.2569,2.156897
3.2609,2.15688005
3.2651,2.15686308
3.2692,2.15684609
3.2733,2.15682908
3.2774,2.15681207
3.2816,2.15679503
3.2857,2.15677798
3.2899,2.15676092
3.2941,2.15674383
3.2983,2.15672673
3.3025,2.15670962
3.3067,2.15669248
3.3109,2.15667533
3.3152,2.15665817
3.3194,2.15664098
3.3237,2.15662378
3.3279,2.15660656
3.3322,2.15658932
3.3365,2.15657206
3.3408,2.15655479
3.3451,2.1565375
3.3494,2.15652019
3.3538,2.15650285
3.3581,2.15648551
3.3625,2.15646814
3.3668,2.15645075
3.3712,2.15643335
3.3756,2.15641592
3.38,2.15639848
3.3844,2.15638102
3.3888,2.15636353
3.3933,2.15634602
3.3977,2.1563285
3.4022,2.15631096
3.4066,2.15629339
3.4111,2.1562758
3.4156,2.15625819
3.4201,2.15624056
3.4246,2.15622291
3.4292,2.15620524
3.4337,2.15618754
3.4383,2.15616983
3.4428,2.15615209
3.4474,2.15613433
3.452,2.15611655
3.4566,2.15609874
3.4612,2.15608091
3.4658,2.15606306
3.4705,2.15604518
3.4751,2.15602728
3.4798,2.15600936
3.4845,2.15599141
3.4892,2.15597344
3.4939,2.15595545
3.4986,2.15593742
3.5033,2.15591938
3.5081,2.15590131
3.5128,2.15588321
3.5176,2.15586509
3.5224,2.15584695
3.5271,2.15582878
3.532,2.15581058
3.5368,2.15579236
3.5416,2.1557741
3.5464,2.15575583
3.5513,2.15573752
3.5562,2.15571919
3.5611,2.15570083
3.566,2.15568244
3.5709,2.15566403
3.5758,2.15564559
3.5807,2.15562712
3.5857,2.15560862
3.5907,2.15559009
3.5956,2.15557153
3.6006,2.15555295
3.6056,2.15553434
3.6107,2.15551569
3.6157,2.15549701
3.6207,2.15547831
3.6258,2.15545957
3.6309,2.15544081
3.636,2.15542201
3.6411,2.15540318
3.6462,2.15538432
3.6513,2.15536543
3.6565,2.15534651
3.6617,2.15532755
3.6668,2.15530856
3.672,2.15528954
3.6772,2.15527049
3.6825,2.1552514
3.6877,2.15523228
3.693,2.15521313
3.6982,2.15519393
3.7035,2.15517471
3.7088,2.15515546
3.7141,2.15513616
3.7194,2.15511684
3.7248,2.15509747
3.7302,2.15507807
3.7355,2.15505864
3.7409,2.15503917
3.7463,2.15501966
3.7517,2.15500012
3.7572,2.15498053
3.7626,2.15496091
3.7681,2.15494126
3.7736,2.15492156
3.7791,2.15490183
3.7846,2.15488205
3.7901,2.15486224
3.7957,2.15484239
3.8013,2.1548225
3.8068,2.15480257
3.8124,2.1547826
3.818,2.15476259
3.8237,2.15474253
3.8293,2.15472244
3.835,2.15470231
3.8407,2.15468213
3.8464,2.15466191
3.8521,2.15464165
3.8578,2.15462134
3.8636,2.15460099
3.8693,2.1545806
3.8751,2.15456017
3.8809,2.15453969
3.8867,2.15451916
3.8926,2.15449859
3.8984,2.15447798
3.9043,2.15445732
3.9102,2.15443661
3.9161,2.15441585
3.922,2.15439506
3.928,2.1543742
3.9339,2.15435331
3.9399,2.15433236
3.9459,2.15431138
3.9519,2.15429034
3.9579,2.15426924
3.964,2.15424811
3.9701,2.15422692
3.9762,2.15420568
3.9823,2.15418439
3.9884,2.15416305
3.9945,2.15414165
4.0007,2.15412021
4.0069,2.15409871
4.0131,2.15407716
4.0193,2.15405556
4.0255,2.15403391
4.0318,2.15401219
4.0381,2.15399043
4.0444,2.15396861
4.0507,2.15394673
4.057,2.15392481
4.0634,2.15390282
4.0698,2.15388077
4.0762,2.15385867
4.0826,2.15383652
4.089,2.1538143
4.0955,2.15379202
4.102,2.15376969
4.1085,2.1537473
4.115,2.15372485
4.1215,2.15370233
4.1281,2.15367976
4.1347,2.15365712
4.1413,2.15363442
4.1479,2.15361166
4.1546,2.15358884
4.1612,2.15356595
4.1679,2.15354301
4.1746,2.15351999
4.1814,2.15349691
4.1881,2.15347377
4.1949,2.15345056
4.2017,2.15342728
4.2085,2.15340394
4.2154,2.15338053
4.2222,2.15335705
4.2291,2.1533335
4.236,2.15330989
4.243,2.1532862
4.2499,2.15326244
4.2569,2.15323861
4.2639,2.15321472
4.2709,2.15319075
4.278,2.1531667
4.285,2.15314259
4.2921,2.1531184
4.2993,2.15309413
4.3064,2.15306979
4.3136,2.15304538
4.3208,2.15302089
4.328,2.15299632
4.3352,2.15297168
4.3425,2.15294695
4.3498,2.15292215
4.3571,2.15289727
4.3644,2.15287231
4.3718,2.15284727
4.3791,2.15282215
4.3866,2.15279694
4.394,2.15277166
4.4015,2.15274628
4.4089,2.15272083
4.4164,2.1526953
4.424,2.15266967
4.4315,2.15264396
4.4391,2.15261817
4.4467,2.15259228
4.4544,2.15256631
4.4621,2.15254025
4.4697,2.1525141
4.4775,2.15248786
4.4852,2.15246153
4.493,2.1524351
4.5008,2.15240859
4.5086,2.15238198
4.5165,2.15235528
4.5244,2.15232848
4.5323,2.15230159
4.5402,2.1522746
4.5482,2.15224751
4.5562,2.15222032
4.5642,2.15219304
4.5722,2.15216566
4.5803,2.15213817
4.5884,2.15211059
4.5965,2.15208291
4.6047,2.15205511
4.6129,2.15202722
4.6211,2.15199922
4.6294,2.15197111
4.6377,2.15194291
4.646,2.15191459
4.6543,2.15188616
4.6627,2.15185763
4.6711,2.15182898
4.6795,2.15180022
4.688,2.15177135
4.6965,2.15174238
4.705,2.15171327
4.7136,2.15168407
4.7221,2.15165474
4.7308,2.15162529
4.7394,2.15159574
4.7481,2.15156605
4.7568,2.15153625
4.7655,2.15150634
4.7743,2.15147629
4.7831,2.15144613
4.792,2.15141584
4.8008,2.15138542
4.8097,2.15135488
4.8187,2.15132422
4.8277,2.15129342
4.8367,2.1512625
4.8457,2.15123144
4.8548,2.15120025
4.8639,2.15116893
4.873,2.15113748
4.8822,2.15110589
4.8914,2.15107417
4.9007,2.1510423
4.91,2.1510103
4.9193,2.15097816
4.9286,2.15094588
4.938,2.15091346
4.9474,2.15088089
4.9569,2.15084817
4.9664,2.15081532
4.9759,2.15078231
4.9855,2.15074915
4.9951,2.15071585
5.0047,2.1506824
5.0144,2.15064879
5.0241,2.15061503
5.0339,2.15058111
5.0437,2.15054703
5.0535,2.1505128
5.0634,2.15047842
5.0733,2.15044386
5.0832,2.15040914
5.0932,2.15037427
5.1033,2.15033922
5.1133,2.15030401
5.1234,2.15026863
5.1336,2.15023308
5.1438,2.15019736
5.154,2.15016147
5.1643,2.1501254
5.1746,2.15008916
5.1849,2.15005273
5.1953,2.15001614
5.2057,2.14997936
5.2162,2.14994239
5.2267,2.14990525
5.2373,2.14986792
5.2479,2.14983039
5.2585,2.14979268
5.2692,2.14975478
5.2799,2.14971668
5.2907,2.1496784
5.3015,2.14963992
5.3124,2.14960123
5.3233,2.14956235
5.3343,2.14952327
5.3453,2.14948397
5.3563,2.14944448
5.3674,2.14940477
5.3785,2.14936486
5.3897,2.14932474
5.4009,2.1492844
5.4122,2.14924385
5.4235,2.14920309
5.4349,2.14916209
5.4463,2.14912088
5.4578,2.14907945
5.4693,2.14903778
5.4809,2.1489959
5.4925,2.14895379
5.5042,2.14891143
5.5159,2.14886885
5.5276,2.14882603
5.5394,2.14878296
5.5513,2.14873966
5.5632,2.14869612
5.5752,2.14865232
5.5872,2.14860828
5.5993,2.14856398
5.6114,2.14851944
5.6235,2.14847464
5.6358,2.14842957
5.648,2.14838426
5.6604,2.14833867
5.6728,2.14829282
5.6852,2.1482467
5.6977,2.14820032
5.7103,2.14815364
5.7229,2.14810671
5.7355,2.14805949
5.7482,2.14801198
5.761,2.1479642
5.7738,2.14791613
5.7867,2.14786775
5.7997,2.14781909
5.8127,2.14777014
5.8257,2.14772088
5.8389,2.14767132
5.852,2.14762145
5.8653,2.14757128
5.8786,2.1475208
5.8919,2.14746999
5.9054,2.14741888
5.9188,2.14736744
5.9324,2.14731566
5.946,2.14726357
5.9597,2.14721115
5.9734,2.14715838
5.9872,2.14710529
6.0011,2.14705185
6.015,2.14699806
6.029,2.14694392
6.043,2.14688944
6.0571,2.14683458
6.0713,2.14677938
6.0856,2.14672382
6.0999,2.14666787
6.1143,2.14661157
6.1287,2.14655487
6.1433,2.14649781
6.1578,2.14644037
6.1725,2.14638252
6.1872,2.14632429
6.202,2.14626567
6.2169,2.14620663
6.2319,2.14614721
6.2469,2.14608737
6.262,2.14602711
6.2771,2.14596644
6.2924,2.14590535
6.3077,2.14584382
6.3231,2.14578187
6.3385,2.14571948
6.3541,2.14565664
6.3697,2.14559336
6.3854,2.14552964
6.4011,2.14546544
6.417,2.14540079
6.4329,2.14533567
6.4489,2.14527008
6.465,2.14520403
6.4811,2.14513747
6.4974,2.14507044
6.5137,2.14500291
6.5301,2.14493487
6.5466,2.14486634
6.5632,2.14479731
6.5798,2.14472773
6.5966,2.14465766
6.6134,2.14458705
6.6303,2.14451589
6.6473,2.14444421
6.6644,2.14437199
6.6816,2.14429919
6.6988,2.14422585
6.7162,2.14415195
6.7336,2.14407745
6.7512,2.14400239
6.7688,2.14392675
6.7865,2.14385049
6.8043,2.14377365
6.8223,2.14369619
6.8402,2.14361813
6.8583,2.14353944
6.8765,2.14346011
6.8948,2.14338016
6.9132,2.14329957
6.9317,2.1432183
6.9503,2.14313639
6.969,2.14305382
6.9877,2.14297054
7.0066,2.14288661
7.0256,2.14280198
7.0447,2.14271662
7.0639,2.14263058
7.0832,2.14254381
7.1026,2.1424563
7.1221,2.14236807
7.1417,2.14227909
7.1615,2.14218934
7.1813,2.14209884
7.2013,2.14200757
7.2213,2.14191548
7.2415,2.14182263
7.2618,2.14172894
7.2822,2.14163447
7.3027,2.14153917
7.3233,2.141443
7.3441,2.14134601
7.3649,2.14124817
7.3859,2.14114943
7.407,2.14104983
7.4282,2.14094934
7.4496,2.14084792
7.4711,2.1407456
7.4926,2.14064236
7.5144,2.14053816
7.5362,2.14043302
7.5582,2.14032692
7.5803,2.14021981
7.6025,2.14011173
7.6249,2.14000265
7.6474,2.13989252
7.67,2.13978139
7.6927,2.1396692
7.7156,2.13955593
7.7387,2.13944161
7.7618,2.13932616
7.7851,2.13920965
7.8086,2.139092
7.8322,2.13897319
7.8559,2.13885325
7.8798,2.13873215
7.9038,2.13860982
7.928,2.13848633
7.9523,2.13836161
7.9768,2.13823562
8.0014,2.13810841
8.0262,2.13797992
8.0511,2.13785011
8.0762,2.13771902
8.1014,2.1375866
8.1268,2.13745279
8.1524,2.13731764
8.1781,2.13718111
8.204,2.13704313
8.23,2.13690376
8.2562,2.13676293
8.2826,2.13662059
8.3091,2.13647678
8.3359,2.13633143
8.3628,2.13618456
8.3898,2.13603613
8.4171,2.13588607
8.4445,2.13573443
8.4721,2.13558115
8.4999,2.13542617
8.5278,2.13526954
8.556,2.13511118
8.5843,2.13495105
8.6128,2.13478917
8.6415,2.13462551
8.6704,2.13445996
8.6995,2.1342926
8.7288,2.13412336
8.7583,2.13395215
8.788,2.13377903
8.8179,2.13360393
8.848,2.13342678
8.8783,2.13324762
8.9088,2.13306638
8.9395,2.13288298
8.9704,2.13269747
9.0016,2.13250973
9.0329,2.13231982
9.0645,2.13212764
9.0963,2.13193311
9.1284,2.1317363
9.1606,2.1315371
9.1931,2.13133544
9.2258,2.13113136
9.2588,2.13092479
9.292,2.1307156
9.3254,2.13050388
9.359,2.13028952
9.393,2.13007242
9.4271,2.12985264
9.4615,2.12963008
9.4962,2.12940463
9.5311,2.12917635
9.5662,2.12894514
9.6017,2.12871087
9.6374,2.12847362
9.6733,2.12823321
9.7096,2.1279897
9.7461,2.12774297
9.7828,2.1274929
9.8199,2.12723955
9.8572,2.1269828
9.8949,2.1267225
9.9328,2.12645875
9.971,2.12619139
10.009,2.12592028
10.048,2.1256455
10.087,2.1253669
10.127,2.12508432
10.166,2.12479785
10.207,2.12450733
10.247,2.1242126
10.288,2.12391373
10.328,2.12361056
10.37,2.12330291
10.411,2.12299086
10.453,2.12267424
10.453,2.12267415
10.496,2.12235286
10.538,2.1220268
10.581,2.12169578
10.625,2.12135988
10.669,2.1210189
10.713,2.12067265
10.757,2.12032118
10.802,2.11996429
10.847,2.11960178
10.893,2.1192337
10.939,2.11885985
10.985,2.11847998
11.032,2.11809416
11.079,2.11770216
11.126,2.11730373
11.174,2.11689894
11.223,2.11648753
11.272,2.11606924
11.321,2.11564412
11.37,2.11521191
11.421,2.11477231
11.471,2.11432539
11.522,2.11387073
11.573,2.11340838
11.625,2.11293803
11.678,2.11245936
11.731,2.11197242
11.784,2.11147686
11.838,2.11097234
11.892,2.1104589
11.947,2.10993618
12.002,2.10940378
12.058,2.10886174
12.114,2.10830967
12.171,2.10774715
12.229,2.1071742
12.287,2.10659039
12.345,2.10599525
12.404,2.10538881
12.464,2.10477058
12.524,2.10414007
12.585,2.10349727
12.646,2.10284165
12.646,2.10284148
12.708,2.10217269
12.771,2.10149033
12.834,2.10079383
12.898,2.10008314
12.962,2.09935765
13.027,2.09861673
13.093,2.09786028
13.16,2.09708764
13.227,2.0962981
13.295,2.09549155
13.363,2.09466724
13.432,2.09382437
13.502,2.0929628
13.573,2.09208169
13.645,2.09118017
13.717,2.090258
13.79,2.08931428
13.863,2.08834801
13.938,2.08735891
14.013,2.08634595
14.013,2.08634567
14.089,2.08530799
14.166,2.08424469
14.244,2.08315486
14.244,2.08315458
14.323,2.08203725
14.403,2.08089142
14.483,2.07971568
14.564,2.07850953
14.647,2.07727149
14.73,2.07599999
14.814,2.07469433
14.899,2.07335287
14.985,2.07197374
15.072,2.07055616
15.161,2.06909813
15.25,2.06759752
15.34,2.06605335
15.431,2.06446325
15.524,2.0628248
15.617,2.0611367
15.712,2.05939616
15.808,2.05760034
15.905,2.05574756
16.003,2.0538346
16.102,2.05185795
16.203,2.04981558
16.305,2.04770297
16.408,2.04551764
16.512,2.0432552
16.618,2.0409109
16.726,2.03848151
16.834,2.03596162
16.944,2.03334538
17.056,2.03062852
17.169,2.02780441
17.283,2.02486569
17.399,2.02180679
17.517,2.01861922
17.636,2.01529362
17.757,2.01182258
17.879,2.00819505
18.003,2.00439901
18.129,2.00042407
18.257,1.99625589
18.386,1.99187813
18.518,1.98727652
18.651,1.9824299
18.786,1.97731984
18.923,1.97192159
19.062,1.96620681
19.203,1.96014807
19.347,1.95370882
19.492,1.94684672
19.64,1.9395182
19.79,1.93166601
19.942,1.92322174
20.097,1.91411058
20.254,1.90423436
20.413,1.89347306
20.575,1.88168817
20.74,1.86870012
20.907,1.85428752
21.077,1.83819372
21.25,1.82009824
21.425,1.79962445
21.604,1.77636268
21.785,1.74985715
21.97,1.71965456
22.158,1.68539718
22.349,1.6468881
22.543,1.60428297
22.741,1.5583951
22.942,1.51098966
23.147,1.46532789
23.355,1.42640592
23.568,1.40069289
23.784,1.39464302
24.004,1.41234304
24.229,1.45414163
24.457,1.51712936
24.69,1.59675563
24.927,1.68805566
25.169,1.78616035
25.416,1.88663105
25.668,1.98543619
25.925,2.07889617
26.186,2.16387018
26.454,2.23772536
26.726,2.29834119
27.005,2.34428526
27.289,2.37477645
27.579,2.3897141
27.876,2.38974066
28.179,2.37622409
28.488,2.35127481
28.805,2.31773584
29.129,2.27920108
29.46,2.23988574
29.798,2.20444686
30.145,2.17761252
30.499,2.16351995
30.863,2.16506605
31.234,2.1833831
31.615,2.21774787
32.006,2.26593534
32.406,2.32473197
32.816,2.39057028
33.237,2.45991129
33.668,2.5294423
34.111,2.59632452
34.566,2.65819943
35.033,2.71316893
35.513,2.75989362
36.006,2.79751876
36.513,2.82562792
37.035,2.84426475
37.572,2.8538236
38.124,2.85502821
38.693,2.84883845
39.28,2.83639043
39.884,2.81891115
